$ANSIBLE_VAULT;1.1;AES256
36623738346135386439646230326130323964373731363563363233376533333239306437343939
6365393432643931363435386462653736666435643134330a333535613764373630336637393236
37303063636561336637333936333661663237643438663665663165363132363135653361353966
6139393763386266320a613930333334303530306139393030626663323564623338656261356261
36373036393531636530386135636232323036383733393061383537306339353831346236663562
63626638336534616536376333316265303535313135623837616266323035643230393438343933
64626238363761656536323864323264323731306139306364363762613462313134666335336262
61623732323339633031636333636164323638356532656437336535373831383861303339393033
66333032333363343435636564616635616535626438343035373162613532363232313666343437
33306630626338303936613338363762323734666233383239306237643062313138613765383837
63376636383037383337363236353239396433393233393733383364303061363362663365303064
37666461396431313931303563643231323366393530663965663061646338636433336635323931
64333136313966656134313862306561663936326537313864363361366266386638643132396634
38363366343364623430666666303231396432633238356261633765633761646636313965333162
62396433363566363730356661663937663433643666636232656534393734616130343464343266
63306638343139636466353536313765346366373062616336306566626430356433626236613733
63313565336365326235346434306562613861373735303839663462663330623932623665616564
31306432313936343065363836653436343439306464303766616436353333656663333464386639
35333762373161613034313230653935363731383539373465656138373430633162633235386233
36393732643062303438333864373364626662303334666264316162323939376461623161666439
31376130366538636165303033663139633536346363656261626165653030306235373632336335
33643462646561373664366461383537383661336332343933313365313165656435613963373132
32666136313638643139373631356361336466633533396335373233396465663064326638653666
36346331366531366263316162363166333430643862643932613036313730346530326166646464
31656336396438306261656531326561396362346234643131333137613264383266356263663934
32373132323732623566316637393262633037643834653735363138636336303638353733333966
34623062346437383932656239346637343739323365646566646636613337663735313962356333
33363536373132613433306532316164636335393736663364383337623231356663353966376639
37653634326634313961653637333837396235633163383762353439336230303337316433303963
32356363633430636134346232616364373963373638333531333232353031333935623766303536
35353234363239336239323365303364383238366533663238656231343964323237393339646166
62646634323939303039386435626338666265396633346662613237633736663931623662636166
39366461666239656563373037336431313137613062643534643062323163396134313136643762
36613130333465663731653863323762663039663634363335613338386435623464313538373863
64333238663131396636383432396434363637333031653061323966323864356438366562383636
32333266303436386538656531333461366131386562636165326130376133656164633432393439
62306237613864663432363735356338663034356330346164326331663536323631636161656461
35643534623066643363336139313462623531643632313838613532383463393631313831663865
37636561386533353634646233623533656163386265623866303634346464613732356564393662
64663635666336326361663961646131303061663630643266303864383138393332323930613830
62666337373965623138623561396363343139333436373732643561316530363631303963376365
36633138323563336663353664316664626261303831303332633330636132336464316635666630
61623736663863653333323939663636306464656137653136626663346136363436313031353364
36323535336364663935373238633336306536363232636538363539666131346665663233376165
30366163663032303538323263353065303263326464613664303136643530666530393165646439
62363130376464393533346462363763346630636438346237343763393763646161666130376436
66323166623939343463303165623336333035663163303663323231383834376530393962663333
61393632333161366362383930636635363464386637383234373330306133623633613830343039
33643663646166393438393431303264366463393636666130386336336433373730303336336439
37343136643739313139626632653363616362313163333335303261323833326233643838643837
33353732383334613166653137383936353230353937313433363837363539363662656434306230
31373630316432396365656139333362636434343137613733306330616335383136383363396434
35623832333166313535353431653032616261353864343634333661613761643564313533343831
38343464346663316230643539653236633332353631346634383362613764303466383330333939
37343336336361333661623134613166393836333963326533663365313033353931343564386562
61616561396666353733613365346333393238626139666465636430306230393166646331326431
31646139343931646638643862373934373039656230653933336635636431326464646536346361
65643431373135326438636337366530666633353037653335643562613831666334303431386537
38363466383862373139323263333061393931643563346666633630306263303265336161396334
37633132353738623831653535326434326536663236333562383064663164356434636439356161
38393930633730326463373962376439646639663637313866353463646230393238393631363636
31653230663830383664613432623834623930336530313535666434666463636235343834653039
37346231356163646235316438393461346366366332323661396531316537616263643931336238
33613635363866353432653639383333353136653663613038393937356631333336326266306633
37346265333063303266373334363635313564303235653637363865333532373039633532663936
62376432393864613631366162323630653061646333663631303062343933326639303336353631
35303832323732363032323436636564623631316166646430353530633565376131343365383738
61303762653536643166313766333166313561333436323933333235623832333965643862326164
62613464643266646137663938306639633463656236353430646432333562313066393663323433
34363666323533636136633863343862373432383139383631326132336265643632633538663462
64616461336462313966346536643231373531633032363932336562623663343839633935393336
31323935333238356361366135353764383565303032316235366565386134376333643238373664
66626263383235383361613262333531646630366230383834303638323861633266343065313138
65663264323933323931316261363637613535613833396639643432326461616665306639323561
66616663653365393463363238613363366530386638663336343462313034663038353936613933
37633230626231653261666333313331393261383230643362393139333531376463326131396234
61323765666165356636666633623363383733373330633034323137373366643834393364653435
37366331383662656363646362316534373062666662656231626461346237333136336430616535
63353064326134646130653637353030323130343262616663366131306633386364316166393162
66303433653764376638393464633032343064636166646433653961313339333861363066326165
62636632663233633762656538356236633936336164643537303937376235646631393064626534
64613763343336363132366235623731383135326665333732326466303131343330333437356162
31363937366431346635323863356662326230306333613166323432633339383431373035306463
39316265333930323661353165363961643933353035656630346666313634386663333438336339
66343766633163643961623038323564383137336338663132373466626235613538393562326664
35316533663261393931336637333632323837366634376237343837623164613965303536633565
34653465386639306561326464623162623133376365623934353034366432376562326235366662
36323963353534313263
